153 208 150
234 103 142
249 186 91
109 166 220
241 242 133
177 108 185
191 247 226
221 152 165
196 79 83
188 193 68
214 175 133
213 255 0
158 0 142
14 76 161
255 239 2
0 95 57
159 0 68
255 147 126
0 43 132
145 208 213
98 14 0
107 104 130
80 1 255
0 125 151
106 130 108
255 0 246
0 174 126
170 133 92
189 211 147
0 153 156
104 61 59
255 2 157
255 116 163
150 138 232
152 255 82
167 87 64
1 255 254
100 100 50
254 137 0
189 198 255
1 228 255
207 156 0
117 68 177
245 10 10
125 215 170
255 166 254
122 71 130
128 205 15
0 71 84
245 120 120
0 190 255
240 180 150
144 251 156
229 111 254
0 138 255
255 210 0
0 185 23
0 255 198
255 105 60